36,35
25,4
25,1
25,3
24,4
24,1
24,3
3,2
3,1
3,3
10,304
10,226
10,300
10,162
10,66
10,200
10,310
10,1
10,298
10,2
10,3
11,28
11,8
11,18
11,26
11,12
11,10
11,1
11,16
11,2
11,3
9,7
9,4
9,1
9,6
9,2
9,3
8,8
8,18
8,16
8,5
8,17
8,9
8,1
8,11
8,2
8,3
12,2
12,1
12,3
20,2
20,1
20,3
19,2
19,1
19,3
35,7
35,6
35,5
35,4
35,3
35,2
35,1
35,0
34,5
34,4
34,3
34,2
34,1
34,0
33,66
33,65
33,64
33,36
33,35
33,34
33,33
33,32
33,31
33,30
33,29
33,28
33,27
33,26
33,25
33,24
33,23
33,22
33,21
33,20
33,19
33,18
33,17
33,16
33,15
33,14
33,13
33,12
33,11
33,10
33,9
33,8
33,7
33,6
33,5
18,1
33,4
33,3
33,2
33,1
18,3
33,0
